127.094	0.0142137	0.0111836	11.2149	0.00989551
257.432	0.0246433	0.00957272	16.3401	0.0175309
392.479	0.0346971	0.00884048	19.9877	0.0246573
529.388	0.0473803	0.00895002	23.2909	0.0333626
667.905	0.0526356	0.0078807	26.3418	0.0374495
807.047	0.0644899	0.00799085	29.0737	0.0456767
947.321	0.0743561	0.00784909	31.7831	0.053028
1087.84	0.0862875	0.00793203	34.3861	0.0614763
1229.05	0.0956153	0.00777962	36.7893	0.0678534
1370.49	0.0989695	0.00722146	39.0733	0.0707176
1512.02	0.120975	0.00800085	41.2391	0.0875124
1653.8	0.123862	0.0074895	43.6001	0.0878526
1795.77	0.137448	0.007654	45.6237	0.0981694
1937.41	0.131329	0.00677859	47.6784	0.0941154
2080.05	0.1515	0.00728348	49.7701	0.109506
2222.32	0.165144	0.00743117	51.5677	0.11797
2364.11	0.171656	0.00726093	53.5536	0.123458
2506.77	0.174645	0.00696694	55.1313	0.125755
2649.05	0.191764	0.00723896	57.0791	0.138308
2791.2	0.206943	0.00741411	58.8935	0.149451
2933.64	0.217109	0.00740068	60.476	0.153827
3075.88	0.234662	0.00762909	62.475	0.167275
3218.31	0.236413	0.00734587	64.212	0.170868
3361.24	0.243631	0.00724824	65.3419	0.169371
3503.5	0.245491	0.00700702	67.3116	0.176335
3645.69	0.256826	0.00704465	68.811	0.182111
3788.75	0.270052	0.00712773	70.3193	0.194609
3930.57	0.28662	0.00729208	71.6086	0.205504
4073.06	0.305056	0.00748959	72.9508	0.217404
4216.17	0.30671	0.0072746	74.9887	0.216871
4357.36	0.336448	0.00772137	76.4401	0.242342
4500.46	0.328753	0.00730488	78.054	0.234334
4643.09	0.35282	0.00759882	78.7598	0.248501
4785.5	0.356688	0.0074535	81.1108	0.25594
4927.55	0.357065	0.00724629	82.0793	0.249471
5070.25	0.366431	0.00722707	83.6839	0.258026
5213.58	0.385099	0.00738645	84.6522	0.27394
5355.12	0.37023	0.00691357	86.095	0.26421
5498.18	0.390679	0.0071056	87.965	0.282339
5640.81	0.425602	0.00754506	88.4413	0.30951
5782.81	0.430072	0.00743709	90.1478	0.308112
5924.57	0.443183	0.00748042	91.1897	0.319161
6067.76	0.451695	0.00744418	93.1783	0.32459
6209.54	0.486255	0.00783078	93.7875	0.345906
6352.26	0.478908	0.00753917	94.9117	0.34609
6494.85	0.495229	0.00762495	96.7776	0.351992
6636.95	0.509424	0.00767557	97.5856	0.365845
6778.92	0.493152	0.00727479	98.8798	0.357398
6921.48	0.511321	0.00738745	100.89	0.370092
7063.65	0.530864	0.00751543	101.352	0.375827
7206.3	0.54277	0.00753188	102.702	0.39128
7349.2	0.586225	0.00797671	103.678	0.415361
7490.64	0.545211	0.00727856	104.02	0.396395
7633.8	0.566991	0.00742738	104.888	0.386336
7776.35	0.57536	0.00739884	107.002	0.403829
7917.04	0.624343	0.00788606	108.947	0.446775
8060.42	0.620104	0.00769319	109.554	0.444926
8201.87	0.658935	0.00803396	109.971	0.466887
8344.46	0.668813	0.00801505	111.882	0.473694
8486.14	0.641643	0.00756107	113.071	0.448072
8627.8	0.642977	0.00745239	113.531	0.455015
8771.58	0.690226	0.00786889	115.07	0.47885
8913.72	0.674119	0.00756271	115.94	0.484455
9055.32	0.675472	0.0074594	116.861	0.484054
9198.79	0.691121	0.00751317	117.315	0.491483
9339.3	0.702738	0.00752452	118.509	0.508368
9481.77	0.692731	0.00730593	119.237	0.489477
9625.85	0.733627	0.00762143	120.909	0.524354
9766.95	0.785379	0.00804119	122.555	0.552387
9908.12	0.814231	0.00821781	123.193	0.575073
